Hash Frequency
1 1639
2 4044
3 3957
4 3403
5 1385
6 1760
7 3502
8 3403
9 2203
10 835
11 3641
12 3668
13 6088
14 2940
15 2317
16 4369
17 3097
18 4338
19 7513
20 4623
21 3606
22 4425
23 5725
24 2801
25 3813
26 3267
27 3921
28 4178
29 3353
30 3144
31 3530
32 3897
33 3753
34 3990
35 4078
36 3276
37 3614
38 3606
39 4620
40 3976
41 3924
42 3739
43 3504
44 3538
45 3334
46 3770
47 3557
48 3592
49 3439
50 3327
51 3289
52 3500
53 3456
54 3542
55 3237
56 3319
57 3316
58 3241
59 3032
60 3183
61 3203
62 3050
63 2815
64 2822
65 2829
66 2724
67 2632
68 2591
69 2501
70 2502
71 2462
72 2395
73 2346
74 2284
75 2214
76 2061
77 2026
78 2033
79 1926
80 2008
81 1818
82 1661
83 1721
84 1566
85 1622
86 1536
87 1407
88 1360
89 1369
90 1326
91 1321
92 1203
93 1147
94 1134
95 1039
96 1025
97 970
98 926
99 813
100 838
101 801
102 737
103 698
104 642
105 642
106 696
107 586
108 526
109 513
110 533
111 479
112 443
113 390
114 412
115 365
116 351
117 325
118 313
119 270
120 276
121 271
122 245
123 240
124 237
125 222
126 203
127 154
128 157
129 154
130 165
131 139
132 139
133 129
134 105
135 115
136 104
137 83
138 86
139 80
140 74
141 70
142 66
143 58
144 61
145 52
146 41
147 40
148 39
149 36
150 35
151 31
152 31
153 28
154 27
155 18
156 17
157 22
158 24
159 25
160 13
161 15
162 19
163 18
164 9
165 9
166 6
167 10
168 14
169 5
170 4
171 12
172 4
173 2
174 4
175 5
176 4
177 5
178 1
179 1
180 1
181 2
182 4
183 2
184 1
185 2
189 1
190 1
191 1
197 1
198 1
199 1
200 1
208 1
ayylmaooo im an edit
